7.992637160000000129e-01
3.204534769999999977e+00
2.324516769999999788e+00
2.990962510000000130e+00
2.951250790000000013e+00
2.073231460000000137e+00
3.678242440000000002e+00
3.334073539999999891e+00
3.180972339999999843e+00
2.578011039999999809e+00
2.569085600000000191e+00
2.230311389999999783e+00
2.698235030000000201e+00
2.765964980000000129e+00
3.052471160000000072e+00
1.457152610000000070e+00
3.360930199999999868e+00
3.178617239999999899e+00
3.188828229999999930e+00
2.841254000000000168e+00
2.829572199999999871e+00
2.406540160000000039e+00
2.499087330000000051e+00
3.938682079999999974e+00
3.286077259999999889e+00
2.904273750000000209e+00
2.354339359999999992e+00
2.012817860000000181e+00
2.295274259999999789e+00
1.956604599999999916e+00
1.775961520000000071e+00
2.104105469999999922e+00
2.309078449999999894e+00
2.731176609999999894e+00
3.160495759999999876e+00
3.111937279999999806e+00
3.836831329999999873e+00
3.362315890000000085e+00
4.386902329999999850e+00
3.226579430000000137e+00
4.061501500000000320e+00
3.988033769999999922e+00
3.333418609999999838e+00
4.674331190000000191e+00
3.933565619999999985e+00
3.311281199999999814e+00
3.514239789999999974e+00
3.500517850000000042e+00
2.837475299999999923e+00
2.861402510000000010e+00
2.938756469999999954e+00
2.660656209999999966e+00
2.105400799999999961e+00
2.264231679999999969e+00
2.703635219999999784e+00
1.875025149999999918e+00
2.246043209999999846e+00
1.852537869999999920e+00
1.106460929999999898e+00
1.935817480000000090e+00
8.855209950000000330e-01
1.554001329999999959e+00
8.574378489999999742e-01
2.116812630000000119e-03
3.314055200000000090e-01
7.153000240000000343e-01
8.174775539999999674e-02
1.018861650000000063e+00
3.583786640000000134e-02
7.880564780000000324e-02
-5.313016100000000214e-02
1.152851809999999935e-02
-5.706771019999999917e-01
-4.450858529999999758e-01
-4.672519860000000080e-01
-7.644653919999999658e-01
-1.385556940000000070e+00
-1.476618170000000063e+00
-1.318035360000000100e+00
-1.330420490000000067e+00
-9.260288479999999600e-01
-2.253378150000000080e+00
-2.983496430000000199e+00
-1.757387159999999948e+00
-1.759830709999999909e+00
-1.984272959999999975e+00
-1.653346179999999999e+00
-1.487138749999999954e+00
-1.827488900000000083e+00
-2.365221260000000214e+00
-8.586581349999999890e-01
-1.024728890000000003e+00
-9.834681149999999761e-01
-1.639666319999999899e+00
-8.132486939999999942e-01
-1.111787560000000008e+00
-1.534696939999999898e+00
-1.399003620000000003e+00
-2.420444489999999949e+00
-4.586337799999999909e-01
-1.242455359999999898e+00
-1.231742979999999932e+00
-1.809148669999999903e+00
-1.097925779999999962e+00
-2.197888339999999885e-01
-3.915661870000000100e-01
-5.461417440000000401e-01
-2.612450720000000226e-01
-9.712072010000000200e-01
1.805052759999999923e-01
2.127517389999999953e-02
-4.992090459999999896e-01
2.777821420000000097e-01
-6.393058299999999639e-01
-1.512295750000000050e-01
-3.926317690000000193e-01
2.837427559999999849e-01
-7.910997870000000542e-01
-1.519826200000000127e-01
8.969411849999999742e-01
-5.053899290000000155e-01
-1.296131130000000020e+00
-1.401333570000000028e+00
-1.098324180000000094e+00
-7.260047200000000478e-01
-1.601115580000000094e+00
-7.762587069999999922e-01
-1.620945810000000042e+00
-3.730680639999999770e-01
-1.315516109999999905e+00
-1.898296360000000016e+00
-5.637727980000000194e-01
-7.269585130000000284e-01
-1.347793190000000085e-01
5.674723539999999844e-02
7.189963459999999529e-01
8.753971010000000108e-02
-3.746564090000000236e-01
2.152536359999999982e-01
3.958522079999999832e-01
-6.991143819999999787e-01
-2.368834610000000035e-02
-3.511702720000000055e-01
-3.833690880000000245e-01
-3.836283389999999849e-01
-3.630381229999999904e-01
-5.200445649999999587e-01
-5.605513450000000342e-01
-8.509819509999999587e-01
2.154589590000000054e-01
-4.071055049999999786e-01
-6.809821719999999967e-01
-6.563600149999999911e-02
-2.864148619999999923e-01
-3.254574840000000191e-01
-5.093484520000000071e-01
2.228440790000000005e-01
-1.193380649999999932e-01
-4.540056590000000059e-01
6.451721489999999448e-02
5.457255239999999619e-01
2.277885080000000007e-01
2.149032799999999951e-02
-7.682608960000000264e-01
9.607020019999999716e-02
1.514043360000000005e-01
6.885244249999999955e-01
7.150139210000000523e-01
-7.320566480000000043e-02
5.258932109999999716e-01
6.970888379999999884e-01
7.994447350000000174e-01
7.217517500000000252e-01
7.193437809999999599e-01
1.175093130000000041e-01
8.963786360000000064e-01
9.420506360000000523e-01
5.380667449999999574e-01
3.791136440000000274e-01
5.619824530000000484e-01
-4.073591900000000238e-02
7.593718769999999729e-01
4.284625650000000174e-01
-7.001143690000000142e-01
-3.553756180000000042e-01
-2.261576650000000077e-01
-2.318829299999999871e-01
2.038931849999999976e-02
5.770203470000000445e-01
1.967965660000000061e-01
-4.787747559999999680e-02
8.146333690000000516e-01
7.371428610000000381e-01
-3.766701519999999803e-01
-1.122485919999999943e-01
-6.171188949999999451e-01
-1.274341109999999944e+00
-5.198311209999999516e-01
-9.707918760000000535e-01
-1.169110419999999984e+00
-1.047387960000000007e+00
-1.957569960000000053e+00
-1.211182589999999948e+00
-6.395786399999999761e-01
-4.814195039999999981e-01
-1.281477210000000033e+00
4.529274699999999987e-01
6.012819710000000262e-02
-1.711677460000000095e-01
3.389810030000000030e-01
8.080447320000000433e-01
4.088453950000000003e-01
7.259508369999999600e-01
1.246228340000000046e+00
-6.143926979999999594e-01
-2.851379510000000006e-01
7.014389629999999709e-01
1.476982980000000056e-01
1.132673399999999941e-01
3.114859159999999738e-01
-3.112497929999999968e-01
-1.573071779999999920e-01
5.044215920000000297e-01
6.869375110000000006e-01
-2.910960320000000046e-01
6.345918770000000264e-02
-6.352348330000000542e-01
-6.019961240000000213e-01
3.398077190000000081e-01
-1.276459100000000013e-01
-1.283952299999999991e-01
-7.856563930000000084e-01
4.384071230000000097e-01
6.735991689999999699e-02
-1.667584179999999916e-01
-1.346116360000000067e-01
-7.357059719999999858e-01
-1.093632699999999902e+00
-1.382819180000000037e+00
-7.102411389999999658e-01
-1.092831609999999953e+00
-5.530402660000000026e-01
-4.667024309999999732e-01
-4.035611450000000100e-01
-5.305906529999999677e-01
1.782669430000000110e-01
-3.170336480000000012e-01
1.834816780000000092e-01
6.484640240000000277e-01
-4.260131720000000233e-02
2.037129249999999892e-01
-5.363598089999999791e-02
9.537940620000000536e-01
1.226232409999999939e+00
9.449513550000000484e-01
3.935494119999999874e-01
9.237980839999999638e-01
1.245782139999999982e+00
2.298208619999999869e-01
1.298901920000000043e+00
6.573133469999999923e-01
-1.454173209999999952e-02
1.248405100000000045e+00
-1.370401230000000137e-01
1.206593360000000059e-01
-1.363385169999999924e-01
-1.558609009999999961e-01
-6.876880530000000213e-01
-1.048811600000000011e-01
-7.328157419999999922e-01
1.198590030000000056e-01
-9.336451289999999625e-01
-5.005209449999999949e-01
-5.215591189999999738e-02
-7.683962579999999987e-01
3.347279429999999723e-01
2.371825720000000082e-01
8.912544850000000407e-01
1.203303809999999974e+00
7.497216460000000193e-01
3.452618419999999855e-01
-4.817941780000000174e-01
-2.199510339999999786e+00
-7.019627689999999864e-01
-9.175512190000000012e-02
1.033881430000000101e+00
6.834390160000000103e-01
2.315282339999999994e+00
2.960896729999999977e+00
1.276303650000000012e+00
1.243361350000000032e+00
1.238320829999999928e+00
5.464801560000000225e-02
1.187728880000000098e+00
1.583430649999999940e+00
1.493190770000000001e+00
1.916890619999999990e+00
2.103585960000000199e+00
1.008901119999999985e+00
1.811176539999999946e+00
2.333234070000000049e+00
2.606363060000000065e+00
2.396583800000000153e+00
3.982680799999999799e+00
5.012259479999999989e+00
5.822584149999999958e+00
6.430586339999999623e+00
6.790251729999999597e+00
6.635680680000000109e+00
6.139599800000000052e+00
5.670766350000000067e+00
2.991809840000000165e+00
2.551792380000000193e+00
2.143077610000000188e+00
1.205021380000000031e+00
1.272939089999999940e+00
-6.503032450000000297e-01
2.483989299999999900e-01
5.264138579999999568e-01
-1.146474779999999971e-01
5.481984020000000291e-01
1.023324359999999988e-01
-5.168286560000000529e-01
-5.208118560000000175e-01
4.651654660000000274e-01
7.436475750000000051e-01
6.979135269999999780e-01
2.361384330000000087e-01
4.953005609999999725e-01
9.006626610000000310e-01
1.474572659999999980e+00
8.276512029999999465e-01
1.062502620000000064e+00
1.800367590000000018e+00
2.449403520000000167e+00
1.564165950000000027e+00
1.924630880000000044e+00
2.539593219999999985e+00
3.883537290000000031e+00
3.151294710000000165e+00
3.449991939999999868e+00
3.948918579999999956e+00
3.450712919999999961e+00
4.194359780000000093e+00
4.466572280000000283e+00
3.824946170000000034e+00
5.028025150000000387e+00
5.189887999999999835e+00
5.288679120000000289e+00
5.418300630000000062e+00
6.488954539999999938e+00
5.862836360000000191e+00
4.812316889999999958e+00
6.037011149999999660e+00
5.487787250000000228e+00
4.740157130000000052e+00
5.963419440000000016e+00
5.053023340000000196e+00
5.269996169999999758e+00
5.385489459999999617e+00
5.354552749999999861e+00
4.816053390000000434e+00
4.677122119999999938e+00
4.405814649999999943e+00
3.002259249999999824e+00
3.467690469999999969e+00
3.182933810000000197e+00
2.366357090000000163e+00
3.162746190000000013e+00
2.705167530000000209e+00
1.923607829999999907e+00
3.543358329999999778e+00
3.486679549999999850e+00
2.895004510000000142e+00
3.549181700000000106e+00
2.852231980000000000e+00
2.896905180000000080e+00
2.498286719999999850e+00
3.696611879999999850e+00
2.584034679999999806e+00
2.119009259999999895e+00
2.563753600000000077e+00
1.350885869999999933e+00
1.874568339999999944e+00
2.138858799999999949e+00
2.200561290000000003e+00
1.376630540000000069e+00
1.156055210000000111e+00
1.659667489999999912e+00
2.373823880000000219e+00
2.554290770000000155e+00
2.586968900000000016e+00
2.245040180000000163e+00
2.495797630000000211e+00
2.788818599999999925e+00
2.937736989999999881e+00
3.364452360000000031e+00
2.983862160000000152e+00
3.219650510000000132e+00
3.745068069999999860e+00
3.212281229999999876e+00
3.080412860000000030e+00
2.916445019999999833e+00
2.437689779999999917e+00
3.086181879999999822e+00
3.339294429999999814e+00
2.925171610000000033e+00
3.729593990000000137e+00
2.563681359999999909e+00
2.865033389999999791e+00
3.402501340000000152e+00
3.670919179999999837e+00
2.587036850000000054e+00
3.002374890000000018e+00
3.316980599999999946e+00
2.442177769999999803e+00
2.455844640000000023e+00
2.365376710000000049e+00
2.482682940000000116e+00
1.173213360000000094e+00
1.682650449999999909e+00
3.516744079999999939e-01
5.366190079999999529e-01
-2.083021549999999888e-01
-6.561992760000000535e-01
-4.580736759999999852e-01
5.002133250000000420e-01
-2.073370069999999898e-01
-9.624190929999999478e-01
-1.440994619999999893e+00
-1.460042950000000062e+00
-9.065522550000000290e-01
-1.321685189999999954e+00
-1.283577799999999991e+00
-1.499337549999999908e+00
-6.702743770000000323e-01
-6.940290329999999897e-02
-3.182466030000000168e-01
-1.255602120000000044e+00
-8.239345550000000129e-01
-1.136007910000000065e-01
-8.201765420000000084e-01
-4.505471589999999749e-01
-1.797425599999999957e-01
-4.607039090000000225e-01
9.097240119999999708e-02
-9.418720009999999310e-02
-2.022214230000000112e-01
-3.188005979999999906e-01
-1.448732020000000009e+00
-1.300870659999999956e+00
-1.372544769999999970e+00
-6.818252209999999813e-01
-1.018946769999999891e+00
-1.468970059999999966e+00
-7.990883589999999703e-01
-1.563814999999999955e+00
-1.749389169999999938e+00
-1.499629380000000012e+00
-8.901341560000000097e-01
-1.375954990000000100e+00
-2.204228880000000057e+00
-1.460844760000000075e+00
-1.094408870000000089e+00
-1.769833329999999982e+00
-1.193317170000000038e+00
-1.717666149999999892e+00
-1.484150290000000094e+00
-8.311439160000000381e-01
-4.824689919999999854e-01
-2.827757000000000187e-01
9.143662449999999386e-02
-2.691991390000000092e-03
-3.013328020000000107e-01
-7.452712209999999560e-02
-4.201847910000000019e-01
-1.228124020000000094e+00
-1.379368310000000042e+00
-8.689665199999999645e-01
-9.912554030000000349e-01
-1.529292819999999997e+00
-1.542562369999999961e+00
-6.264703870000000174e-01
2.916094659999999839e-01
-1.783083380000000107e-01
-6.356196400000000413e-01
-3.861982230000000071e-01
-1.200930000000000053e+00
-3.360840079999999896e-01
-8.378506300000000406e-01
-2.203454020000000124e+00
-1.103337290000000026e+00
-1.640293479999999970e+00
-1.845880629999999911e+00
-9.250520469999999884e-01
-5.077056880000000438e-01
-1.064586639999999917e+00
-9.170849920000000433e-01
-7.773405310000000568e-02
-1.280670640000000082e+00
-1.526854039999999912e+00
-1.304540280000000108e+00
-1.794532060000000095e+00
-1.494695780000000029e+00
-1.590279339999999930e+00
-1.426550509999999994e+00
-2.205049509999999824e+00
-1.743535880000000038e+00
-1.352938060000000053e+00
-9.618706700000000387e-01
-1.485029099999999991e+00
-1.316041589999999983e+00
-1.073691959999999890e+00
-7.781788710000000497e-01
-1.227673889999999934e+00
-6.353632809999999465e-01
-6.563731430000000477e-01
-1.787969769999999958e-01
-8.878476020000000135e-01
-1.367691760000000034e+00
-9.918627740000000026e-01
-7.872493270000000543e-01
1.864173709999999984e-01
-1.505438829999999895e-01
2.383263710000000091e-01
-6.784504059999999503e-01
-8.361948129999999813e-01
-1.072088479999999899e+00
-1.021022319999999928e+00
-1.288802149999999980e+00
-9.178714159999999955e-01
9.845159200000000443e-02
-1.589473960000000075e+00
-1.409220340000000071e+00
1.963527690000000173e-02
-8.566550609999999955e-01
-1.286175609999999914e+00
-1.094372630000000068e+00
-5.773656369999999871e-01
-2.326226950000000127e+00
-1.119853619999999994e+00
-1.722826720000000034e+00
-1.897843479999999916e+00
-1.277122260000000065e+00
-8.604626659999999871e-01
-2.967213389999999729e-01
-6.630986330000000484e-01
-6.237863900000000239e-01
-7.514133450000000103e-01
4.292933050000000139e-01
3.017292320000000139e-01
-1.346703409999999934e+00
-9.957231279999999574e-01
-3.718172310000000258e-01
4.093057509999999954e-01
-1.596306260000000116e-02
-9.806254509999999536e-02
3.510110379999999974e-01
7.963828440000000342e-01
2.619209590000000087e-01
9.218764900000000484e-01
7.460482720000000123e-01
1.133437749999999911e+00
6.782473329999999523e-01
9.561259749999999613e-01
9.155209659999999916e-01
7.825505139999999749e-01
8.554964069999999587e-01
4.981546399999999819e-01
1.398719430000000097e+00
2.269360069999999840e+00
1.128949999999999898e+00
5.257422920000000000e-01
1.935120219999999946e+00
2.323146579999999961e+00
1.361788870000000040e+00
1.106337549999999892e+00
8.953846100000000252e-01
-1.095614210000000061e-01
5.728958849999999936e-01
2.239751369999999908e-01
-6.340476269999999470e-01
3.868746459999999887e-01
-5.917056200000000432e-01
-6.146485809999999717e-01
-7.320120329999999509e-01
-4.293142260000000210e-01
6.485887169999999813e-01
7.433300469999999660e-02
-7.304011580000000503e-01
9.273728129999999625e-01
1.039284469999999905e+00
3.085740840000000124e-02
1.555800199999999966e+00
9.274675249999999593e-01
7.781569959999999897e-01
3.624262509999999771e-01
3.822762969999999871e-01
4.181543289999999913e-01
2.518548369999999981e-01
1.289254780000000045e+00
1.183675409999999983e+00
1.839004990000000062e+00
5.404143930000000484e-01
9.692046640000000490e-01
1.155568600000000057e+00
1.770769360000000070e+00
1.316239120000000096e+00
-4.479264020000000013e-01
9.679094550000000297e-01
1.859252209999999961e+00
7.739591599999999794e-01
4.204673469999999913e-01
-1.027651879999999934e-01
5.454621910000000407e-01
1.399350050000000012e+00
6.385518310000000142e-01
6.590321660000000303e-01
3.196624289999999702e-02
2.421561929999999918e-01
1.660325380000000073e-01
4.601339099999999793e-01
-3.623052540000000210e-01
-5.499797459999999916e-01
-8.711385130000000032e-01
-8.664705750000000206e-01
-7.292835709999999638e-01
-4.874219889999999999e-01
2.918096449999999994e-02
-4.680973290000000064e-01
-8.866940739999999987e-01
-6.165901419999999522e-01
-4.006395340000000194e-01
-9.243955019999999800e-01
-1.545535799999999904e+00
-1.071569919999999954e+00
-1.370638489999999932e+00
-1.091504339999999962e+00
-1.209750529999999991e+00
-7.970849279999999704e-01
